/* white blocks
  rect(0, 0, 20, 20);
  rect(0, 40, 20, 120);
  rect(0, 180, 20, 160);
  rect(0, 360, 50, 50);
  rect(0, 430, 50, 80);
  rect(0, 530, 50, 40);
  rect(0, 590, 50, 40);
  rect(0, 650, 50, 50);
  rect(0, 720, 50, 40);
  rect(0, 780, 50, 10);
  rect(0, 810, 50, 30);
  rect(0, 860, 50, 40);
  rect(40, 0, 10, 20);
  rect(40, 40, 10, 120);
  rect(40, 180, 10, 160);
  rect(70, 0, 40, 20);    .
  rect(70, 40, 40, 120);  .
  rect(70, 180, 40, 20);  .
  rect(70, 250, 40, 90);
  rect(70, 360, 40, 50);  .
  rect(70, 430, 40, 80);  .
  rect(70, 530, 40, 40);  .
  rect(70, 590, 40, 20);  .
  rect(70, 680, 40, 80);  
  rect(70, 780, 40, 60);  .
  rect(70, 860, 150, 40); .
  rect(130, 0, 90, 20);
  rect(130, 40, 20, 20);
  rect(130, 100, 20, 60);
  rect(130, 180, 90, 90);
  rect(130, 320, 90, 20);
  rect(130, 360, 20, 50);
  rect(130, 430, 90, 40);
  rect(130, 530, 90, 40);
  rect(130, 590, 90, 70);
  rect(130, 680, 90, 20);
  rect(130, 780, 90, 60);
  rect(200, 40, 20, 20);
  rect(200, 100, 20, 60);
  rect(200, 360, 20, 50);
  rect(240, 0, 270, 20);
  rect(240, 40, 20, 120);
  rect(240, 180, 270, 160);
  rect(240, 360, 140, 50);
  rect(240, 430, 40, 80);
  rect(240, 530, 270, 40);
  rect(240, 590, 270, 70);
  rect(240, 680, 270, 80);
  rect(240, 780, 270, 60);
  rect(240, 860, 270, 40); 
  rect(320, 40, 190, 120);
  rect(340, 430, 40, 80);
  rect(460, 430, 50, 80);
  rect(460, 360, 50, 50);
  rect(530, 0, 20, 20);
  rect(530, 40, 20, 120);
  rect(530, 180, 20, 160);
  rect(530, 360, 220, 50);
  rect(530, 430, 20, 80);
  rect(530, 530, 20, 40);
  rect(530, 590, 20, 70);
  rect(530, 680, 20, 80);
  rect(530, 790, 20, 50);
  rect(530, 860, 20, 40);
  rect(570, 0, 180, 20);
  rect(570, 40, 180, 120);
  rect(570, 180, 40, 160);
  rect(570, 430, 40, 80);
  rect(570, 530, 40, 40);
  rect(570, 590, 180, 170);
  rect(570, 780, 180, 60);
  rect(570, 860, 180, 40);
  rect(630, 430, 20, 80);
  rect(630, 530, 20, 40);
  rect(690, 180, 60, 160);
  rect(710, 430, 40, 80);
  rect(710, 530, 40, 40);
  rect(770, 0, 20, 20);
  rect(770, 40, 20, 120);
  rect(770, 180, 20, 160);
  rect(770, 360, 60, 50);
  rect(770, 430, 100, 20);
  rect(770, 490, 100, 20);
  rect(770, 530, 100, 40);
  rect(770, 590, 60, 20);
  rect(770, 740, 100, 20);
  rect(770, 780, 100, 60);
  rect(770, 860, 100, 40);
  rect(810, 0, 20, 20);
  rect(810, 40, 20, 60);
  rect(810, 140, 60, 20);
  rect(810, 180, 20, 20);
  rect(810, 260, 20, 80);
  rect(850, 0, 20, 20);
  rect(850, 40, 20, 60);
  rect(850, 180, 20, 160);
  rect(850, 360, 20, 50);
  rect(850, 590, 20, 70);
  rect(850, 680, 20, 40);
  rect(890, 0, 20, 20);
  rect(890, 40, 20, 120);
  rect(890, 180, 20, 160);
  rect(890, 360, 20, 150);
  rect(890, 530, 20, 40);
  rect(890, 590, 20, 170);
  rect(890, 780, 20, 60);
  rect(890, 860, 20, 40);
  */
/*red blocks
  rect(10, 410, 20, 20);

  rect(20, 160, 20, 20);
  rect(20, 270, 20, 20);
  rect(20, 340, 20, 20);

  rect(25, 790, 20, 20);
 
  rect(50, 0, 20, 20);
  rect(50, 90, 20, 20);
  rect(50, 460, 20, 20);
  rect(50, 570, 20, 20);
  rect(50, 630, 20, 20);    9
  rect(50, 660, 20, 20);
  rect(50, 700, 20, 20);
  rect(50, 840, 20, 20);
 
  rect(110, 270, 20, 20);
  rect(110, 410, 20, 20);
  rect(110, 660, 20, 20);
  rect(110, 725, 20, 15);   16  (1,1)

  rect(130, 340, 20, 20);
  rect(130, 460, 90, 50);   18  (2,2)
 
  rect(150, 40, 50, 60);    19  (3,3)
  rect(150, 120, 50, 40);   20  (4,4)

  rect(180, 760, 20, 20);
  rect(180, 840, 20, 20);

  rect(200, 160, 20, 20);
 
  rect(220, 0, 20, 20);
  rect(220, 270, 20, 20);
  rect(220, 570, 20, 20);
  rect(220, 700, 20, 20);
  rect(220, 790, 20, 15);  28 (1,1)
 
  rect(260, 40, 60, 100);  29  (5,5)

  rect(280, 410, 20, 20);

  rect(320, 510, 20, 20);
 
  rect(360, 340, 20, 20);
  rect(360, 410, 20, 20);
  
  rect(380, 510, 20, 20);

  rect(390, 570, 20, 20);
  
  rect(400, 660, 20, 20);
  rect(400, 760, 20, 20);
  
  rect(420, 840, 70, 50); 38  (6,6)
  
  rect(450, 510, 20, 20);

  rect(470, 760, 20, 20);
 
  rect(510, 0, 20, 20);
  rect(510, 120, 20, 20);
  rect(510, 210, 20, 30); 43(7,7)
  rect(510, 340, 20, 20);
  rect(510, 450, 20, 20);
  rect(510, 550, 20, 20);
  rect(510, 590, 20, 20);
  rect(510, 740, 20, 20);
  rect(510, 820, 20, 20);
 
  rect(550, 60, 20, 20);
  rect(550, 160, 20, 20);
  rect(550, 220, 20, 15); 52 (1,1)
  rect(550, 490, 20, 20);
  rect(550, 700, 20, 20);
  rect(550, 760, 20, 20);

  rect(580, 410, 20, 20);
  rect(590, 840, 20, 20);
 
  rect(600, 340, 20, 20);
 
  rect(610, 230, 80, 80); 59(8,8)
  rect(610, 510, 20, 20);
  rect(610, 550, 20, 20);
  
  rect(630, 760, 20, 20);
  
  rect(650, 430, 60, 80); 63(9,9)
  rect(650, 530, 60, 15); 64(10,10)

  rect(690, 340, 20, 20);

  rect(750, 220, 20, 20);
  rect(750, 410, 20, 20);
  rect(750, 510, 20, 20);
  rect(750, 640, 20, 15); 69(1,1)
  rect(750, 760, 20, 20);
 
  rect(770, 680, 60, 40); 71(11,11)
 
  rect(790, 0, 20, 20);
  rect(790, 90, 20, 20);
  rect(790, 200, 60, 60); 74(12,12)
  rect(790, 340, 20, 20);

  rect(810, 160, 20, 20);
  rect(810, 450, 20, 40); 77(13,13)
  rect(810, 840, 20, 20);
 
  rect(830, 410, 20, 20);
  rect(830, 570, 20, 20);
 
  rect(870, 0, 20, 20);
  rect(870, 40, 20, 20);
  rect(870, 80, 20, 20);
  rect(870, 300, 20, 20);
  rect(870, 410, 20, 20);
  rect(870, 510, 20, 20);
  rect(870, 640, 20, 15); 87(1,1)
  rect(870, 720, 20, 20);
  rect(870, 760, 20, 20);
  rect(870, 840, 20, 20);

  rect(890, 570, 20, 20);
  */

/*blue blocks
  rect(20, 20, 20, 20);
  rect(20, 90, 20, 20);
  rect(20, 210, 20, 20);
  rect(20, 630, 20, 20);
  rect(20, 700, 20, 20);
  rect(50, 340, 20, 20);
  rect(50, 410, 20, 20);
  rect(50, 510, 20, 20);
  rect(50, 760, 20, 20);
  rect(70, 200, 20, 50);       9       (1,1)
  rect(70, 610, 20, 50);       10      (1,1)
  rect(90, 200, 20, 50);       11      (1,1)
  rect(90, 610, 20, 50);       12      (1,1)
  rect(110, 90, 20, 20);
  rect(110, 160, 20, 20);
  rect(110, 200, 20, 50);      15      (1,1)
  rect(110, 320, 20, 20);
  rect(110, 360, 20, 20);
  rect(110, 470, 20, 20);
  rect(110, 510, 20, 20);
  rect(110, 570, 20, 20);
  rect(110, 610, 20, 50);      21      (1,1)
  rect(110, 700, 20, 15);      22      (2,2)
  rect(110, 760, 20, 20);
  rect(110, 795, 20, 15);      24      (2,2)
  rect(110, 840, 20, 20);
  rect(140, 20, 20, 20);
  rect(220, 100, 20, 20);
  rect(220, 145, 20, 15);      28      (2,2)
  rect(220, 220, 20, 20);
  rect(220, 340, 20, 20);
  rect(220, 410, 20, 20);
  rect(220, 510, 20, 20);
  rect(220, 660, 20, 20);
  rect(220, 760, 20, 20);
  rect(220, 840, 20, 20);
  rect(280, 450, 20, 60);      36      (3,3)
  rect(285, 160, 20, 20);
  rect(300, 450, 20, 20);
  rect(300, 490, 20, 20);
  rect(320, 340, 20, 20);
  rect(320, 450, 20, 60);      41      (3,3)
  rect(340, 570, 20, 20);
  rect(360, 660, 20, 20);
  rect(360, 760, 20, 20);
  rect(360, 840, 20, 20);
  rect(400, 840, 20, 20);
  rect(435, 760, 20, 20);
  rect(455, 570, 20, 20);
  rect(460, 340, 20, 20);
  rect(460, 410, 20, 20);
  rect(465, 660, 20, 20);
  rect(510, 100, 20, 20);
  rect(510, 160, 20, 20);
  rect(510, 300, 20, 20);
  rect(510, 370, 20, 20);
  rect(510, 700, 20, 20);
  rect(510, 760, 20, 20);
  rect(550, 340, 20, 20);
  rect(550, 450, 20, 20);
  rect(550, 590, 20, 20);
  rect(550, 820, 20, 20);
  rect(590, 760, 20, 20);
  rect(610, 180, 80, 50);      63      (4,4)
  rect(610, 310, 80, 30);      64      (5,5)
  rect(630, 840, 20, 20);
  rect(650, 510, 20, 20);
  rect(650, 570, 20, 20);
  rect(670, 840, 20, 20);
  rect(670, 760, 20, 20);
  rect(690, 410, 20, 20);
  rect(690, 510, 20, 20);
  rect(690, 570, 20, 20);
  rect(750, 20, 20, 20);
  rect(750, 120, 20, 20);
  rect(750, 160, 20, 20);
  rect(750, 300, 20, 20);
  rect(750, 340, 20, 20);
  rect(750, 460, 20, 20);
  rect(750, 570, 20, 20);
  rect(750, 665, 20, 15);      80      (2,2)
  rect(750, 720, 20, 20);
  rect(750, 840, 20, 20);
  rect(770, 610, 60, 45);      83      (6,6)
  rect(790, 40, 20, 20);
  rect(790, 300, 20, 20);
  rect(810, 100, 60, 40);      86      (7,7)
  rect(810, 760, 20, 20);
  rect(830, 20, 20, 20);
  rect(830, 510, 20, 20);
  rect(830, 665, 20, 15);      90      (2,2)
  rect(850, 340, 20, 20);
  rect(870, 160, 20, 20);
  rect(870, 220, 20, 20);
  rect(870, 460, 20, 20);
  rect(870, 665, 20, 15);      95      (2,2)
 */

/*grey blocks
  fill("grey");
  rect(20, 40, 20, 20);
  rect(20, 320, 20, 20);
  rect(20, 760, 20, 20);
  rect(30, 410, 20, 20);
  rect(30, 510, 20, 20);
  rect(30, 570, 20, 20);
  rect(30, 840, 20, 20);
  rect(50, 40, 20, 20);
  rect(50, 140, 20, 20);
  rect(50, 180, 20, 20);
  rect(50, 250, 20, 20);
  rect(50, 490, 20, 20);
  rect(50, 610, 20, 20);
  rect(50, 640, 20, 20);
  rect(50, 720, 20, 20);
  rect(50, 780, 20, 20);
  rect(50, 820, 20, 20);
  rect(110, 60, 20, 30);       17      (1,1)
  rect(110, 290, 20, 30);      18      (1,1)
  rect(110, 340, 20, 20);
  rect(110, 380, 20, 30);      20      (1,1)
  rect(110, 710, 20, 20);
  rect(110, 780, 20, 20);
  rect(110, 820, 20, 20);
  rect(150, 100, 50, 20);      24      (2,2)
  rect(150, 160, 50, 20);      25      (2,2)
  rect(150, 285, 50, 20);      26      (2,2)
  rect(160, 380, 30, 20);      27      (3,3)
  rect(180, 570, 20, 20);
  rect(180, 660, 20, 20);
  rect(180, 720, 20, 20);
  rect(200, 20, 20, 20);
  rect(200, 340, 20, 20);
  rect(200, 410, 20, 20);
  rect(200, 760, 20, 20);
  rect(220, 40, 20, 20);
  rect(220, 180, 20, 20);
  rect(220, 300, 20, 20);
  rect(220, 430, 20, 20);
  rect(220, 460, 20, 20);
  rect(220, 490, 20, 20);
  rect(220, 610, 20, 20);
  rect(220, 710, 20, 20);
  rect(220, 750, 20, 20);
  rect(220, 820, 20, 20);
  rect(240, 160, 20, 20);
  rect(260, 140, 60, 20);      46      (4,4)
  rect(260, 340, 20, 20);
  rect(300, 410, 40, 20);      48      (5,5)
  rect(270, 510, 20, 20);
  rect(280, 570, 20, 20);
  rect(290, 660, 20, 20);
  rect(300, 760, 20, 20);
  rect(290, 840, 20, 20);
  rect(270, 70, 40, 40);       54      (6,6)
  rect(310, 20, 20, 20);
  rect(340, 160, 20, 20);
  rect(330, 840, 20, 20);
  rect(380, 410, 80, 20);      58      (7,7)
  rect(380, 450, 80, 40);      59      (8,8)
  rect(400, 510, 50, 20);      60      (2,2)
  rect(490, 20, 20, 20);
  rect(490, 160, 20, 20);
  rect(510, 40, 20, 20);
  rect(510, 240, 20, 20);
  rect(510, 360, 20, 20);
  rect(510, 410, 20, 20);
  rect(510, 510, 20, 20);
  rect(510, 570, 20, 20);
  rect(510, 610, 20, 20);
  rect(510, 660, 20, 20);
  rect(510, 780, 20, 20);
  rect(510, 840, 20, 20);
  rect(530, 20, 20, 20);
  rect(550, 40, 20, 20);
  rect(550, 90, 20, 20);
  rect(550, 140, 20, 20);
  rect(550, 180, 20, 20);
  rect(550, 240, 20, 20);
  rect(550, 300, 20, 20);
  rect(550, 410, 20, 20);
  rect(550, 510, 20, 20);
  rect(550, 570, 20, 20);
  rect(550, 620, 20, 20);
  rect(550, 660, 20, 20);
  rect(550, 720, 20, 20);
  rect(550, 780, 20, 20);
  rect(550, 840, 20, 20);
  rect(570, 20, 20, 20);
  rect(570, 160, 20, 20);
  rect(610, 410, 20, 20);
  rect(610, 460, 20, 20);
  rect(610, 570, 20, 20);
  rect(640, 410, 20, 20);
  rect(650, 540, 60, 30);      94      (9,9)
  rect(610, 460, 20, 20);
  rect(670, 20, 30, 20);       96      (3,3)#
  rect(680, 160, 30, 20);      97      (3,3)#
  rect(660, 450, 40, 40);      98      (6,6)
  rect(670, 510, 20, 20);
  rect(720, 760, 20, 20);
  rect(710, 840, 20, 20);
  rect(750, 40, 20, 20);
  rect(750, 280, 20, 20);
  rect(750, 390, 20, 20);
  rect(750, 550, 20, 20);
  rect(750, 590, 20, 20);
  rect(750, 650, 20, 20);
  rect(750, 790, 20, 20);
  rect(750, 860, 20, 20);
  rect(790, 20, 20, 20);
  rect(790, 60, 20, 20);
  rect(790, 140, 20, 20);
  rect(790, 180, 20, 20);
  rect(790, 260, 20, 20);
  rect(830, 40, 20, 20);
  rect(830, 80, 20, 20);
  rect(830, 180, 20, 20);
  rect(830, 260, 20, 20);
  rect(830, 300, 20, 20);
  rect(830, 340, 20, 20);
  rect(830, 380, 20, 20);
  rect(830, 590, 20, 20);
  rect(830, 630, 20, 35);      123     (10,10)
  rect(830, 720, 20, 20);
  rect(850, 20, 20, 20);
  rect(850, 160, 20, 20);
  rect(850, 510, 20, 20);
  rect(850, 570, 20, 20);
  rect(870, 60, 20, 20);
  rect(870, 140, 20, 20);
  rect(870, 180, 20, 20);
  rect(870, 240, 20, 20);
  rect(870, 340, 20, 20);
  rect(870, 390, 20, 20);
  rect(870, 480, 20, 20);
  rect(870, 550, 20, 20);
  rect(870, 590, 20, 20);
  rect(870, 655, 20, 15);      138     (11,11)
  rect(870, 800, 20, 20);
  rect(890, 20, 20, 20);
  rect(890, 410, 20, 20);
  rect(420, 890, 70, 10);      142     (12,12)
  */